              precision    recall  f1-score   support

           0     0.9064    0.9680    0.9362      1000
           1     0.9654    0.9780    0.9717      1000
           2     0.8886    0.9250    0.9064      1000
           3     0.8473    0.8490    0.8482      1000
           4     0.9244    0.9540    0.9390      1000
           5     0.9292    0.8140    0.8678      1000
           6     0.9354    0.9700    0.9524      1000
           7     0.9715    0.9540    0.9627      1000
           8     0.9683    0.9480    0.9581      1000
           9     0.9804    0.9510    0.9655      1000

    accuracy                         0.9311     10000
   macro avg     0.9317    0.9311    0.9308     10000
weighted avg     0.9317    0.9311    0.9308     10000
