              precision    recall  f1-score   support

           0     0.9319    0.9720    0.9515      1000
           1     0.9738    0.9680    0.9709      1000
           2     0.9201    0.9210    0.9205      1000
           3     0.8491    0.8720    0.8604      1000
           4     0.9156    0.9650    0.9396      1000
           5     0.9220    0.8280    0.8725      1000
           6     0.9353    0.9690    0.9519      1000
           7     0.9793    0.9460    0.9624      1000
           8     0.9678    0.9610    0.9644      1000
           9     0.9706    0.9590    0.9648      1000

    accuracy                         0.9361     10000
   macro avg     0.9366    0.9361    0.9359     10000
weighted avg     0.9366    0.9361    0.9359     10000
