              precision    recall  f1-score   support

           0     0.8295    0.9680    0.8934      1000
           1     0.8725    0.9580    0.9133      1000
           2     0.8171    0.9070    0.8597      1000
           3     0.7080    0.7880    0.7459      1000
           4     0.8336    0.9220    0.8756      1000
           5     0.8518    0.7010    0.7691      1000
           6     0.9052    0.8780    0.8914      1000
           7     0.9390    0.7700    0.8462      1000
           8     0.9361    0.8490    0.8904      1000
           9     0.9153    0.8110    0.8600      1000

    accuracy                         0.8552     10000
   macro avg     0.8608    0.8552    0.8545     10000
weighted avg     0.8608    0.8552    0.8545     10000
