              precision    recall  f1-score   support

           0       0.86      0.83      0.84      1000
           1       0.65      0.97      0.78      1000
           2       0.77      0.65      0.70      1000
           3       0.64      0.43      0.51      1000
           4       0.74      0.80      0.77      1000
           5       0.61      0.78      0.68      1000
           6       0.79      0.86      0.82      1000
           7       0.76      0.77      0.77      1000
           8       0.93      0.76      0.84      1000
           9       0.95      0.70      0.80      1000

    accuracy                           0.76     10000
   macro avg       0.77      0.76      0.75     10000
weighted avg       0.77      0.76      0.75     10000
