              precision    recall  f1-score   support

           0     0.8412    0.9320    0.8843      1000
           1     0.8316    0.9580    0.8903      1000
           2     0.7829    0.8510    0.8155      1000
           3     0.6957    0.6860    0.6908      1000
           4     0.7868    0.8820    0.8317      1000
           5     0.7599    0.6900    0.7233      1000
           6     0.8520    0.8520    0.8520      1000
           7     0.9060    0.7040    0.7923      1000
           8     0.8714    0.8540    0.8626      1000
           9     0.8502    0.7490    0.7964      1000

    accuracy                         0.8158     10000
   macro avg     0.8178    0.8158    0.8139     10000
weighted avg     0.8178    0.8158    0.8139     10000
