              precision    recall  f1-score   support

           0       0.74      0.82      0.78      1000
           1       0.86      0.89      0.88      1000
           2       0.94      0.57      0.71      1000
           3       0.54      0.74      0.62      1000
           4       0.80      0.69      0.74      1000
           5       0.61      0.64      0.62      1000
           6       0.80      0.73      0.76      1000
           7       0.74      0.80      0.77      1000
           8       0.67      0.58      0.62      1000
           9       0.73      0.80      0.76      1000

    accuracy                           0.73     10000
   macro avg       0.74      0.73      0.73     10000
weighted avg       0.74      0.73      0.73     10000
