              precision    recall  f1-score   support

           0       0.82      0.91      0.86      1000
           1       0.87      0.97      0.92      1000
           2       0.82      0.79      0.81      1000
           3       0.58      0.63      0.60      1000
           4       0.87      0.80      0.83      1000
           5       0.68      0.81      0.74      1000
           6       0.86      0.86      0.86      1000
           7       0.92      0.74      0.82      1000
           8       0.98      0.79      0.87      1000
           9       0.90      0.90      0.90      1000

    accuracy                           0.82     10000
   macro avg       0.83      0.82      0.82     10000
weighted avg       0.83      0.82      0.82     10000
