              precision    recall  f1-score   support

           0       0.91      0.95      0.93      1000
           1       0.94      0.97      0.96      1000
           2       0.85      0.90      0.88      1000
           3       0.74      0.86      0.79      1000
           4       0.93      0.90      0.92      1000
           5       0.94      0.68      0.79      1000
           6       0.88      0.96      0.92      1000
           7       0.96      0.95      0.95      1000
           8       0.97      0.93      0.95      1000
           9       0.96      0.94      0.95      1000

    accuracy                           0.90     10000
   macro avg       0.91      0.90      0.90     10000
weighted avg       0.91      0.90      0.90     10000
