              precision    recall  f1-score   support

           0     0.8378    0.9040    0.8696      1000
           1     0.8286    0.9670    0.8925      1000
           2     0.7921    0.8570    0.8232      1000
           3     0.7032    0.6870    0.6950      1000
           4     0.7677    0.8890    0.8239      1000
           5     0.7880    0.6690    0.7236      1000
           6     0.8462    0.8470    0.8466      1000
           7     0.8845    0.7120    0.7889      1000
           8     0.8353    0.8470    0.8411      1000
           9     0.8606    0.7470    0.7998      1000

    accuracy                         0.8126     10000
   macro avg     0.8144    0.8126    0.8104     10000
weighted avg     0.8144    0.8126    0.8104     10000
