              precision    recall  f1-score   support

           0     0.8720    0.8650    0.8685      1000
           1     0.8399    0.9600    0.8959      1000
           2     0.8276    0.7970    0.8120      1000
           3     0.6862    0.7040    0.6950      1000
           4     0.8227    0.8260    0.8244      1000
           5     0.7434    0.7070    0.7248      1000
           6     0.7945    0.8700    0.8305      1000
           7     0.8636    0.7280    0.7900      1000
           8     0.8863    0.8420    0.8636      1000
           9     0.7677    0.7930    0.7801      1000

    accuracy                         0.8092     10000
   macro avg     0.8104    0.8092    0.8085     10000
weighted avg     0.8104    0.8092    0.8085     10000
