              precision    recall  f1-score   support

           0     0.8583    0.9330    0.8941      1000
           1     0.8509    0.9700    0.9065      1000
           2     0.8107    0.8610    0.8351      1000
           3     0.7466    0.7160    0.7310      1000
           4     0.7937    0.9080    0.8470      1000
           5     0.8054    0.7120    0.7558      1000
           6     0.8555    0.8880    0.8714      1000
           7     0.9169    0.7500    0.8251      1000
           8     0.8663    0.8940    0.8799      1000
           9     0.9211    0.7700    0.8388      1000

    accuracy                         0.8402     10000
   macro avg     0.8425    0.8402    0.8385     10000
weighted avg     0.8425    0.8402    0.8385     10000
