              precision    recall  f1-score   support

           0     0.7302    0.9200    0.8142       100
           1     0.9125    0.7300    0.8111       100
           2     0.5820    0.7100    0.6396       100
           3     0.5543    0.5100    0.5313       100
           4     0.3649    0.5400    0.4355       100
           5     0.7105    0.8100    0.7570       100
           6     0.7379    0.7600    0.7488       100
           7     0.5763    0.6800    0.6239       100
           8     0.9438    0.8400    0.8889       100
           9     0.7395    0.8800    0.8037       100
          10     0.5638    0.5300    0.5464       100
          11     0.4200    0.4200    0.4200       100
          12     0.9231    0.7200    0.8090       100
          13     0.7465    0.5300    0.6199       100
          14     0.8594    0.5500    0.6707       100
          15     0.7117    0.7900    0.7488       100
          16     0.6604    0.7000    0.6796       100
          17     0.8469    0.8300    0.8384       100
          18     0.6400    0.6400    0.6400       100
          19     0.8056    0.5800    0.6744       100
          20     0.8131    0.8700    0.8406       100
          21     0.8438    0.8100    0.8265       100
          22     0.7010    0.6800    0.6904       100
          23     0.6694    0.8300    0.7411       100
          24     0.7723    0.7800    0.7761       100
          25     0.7397    0.5400    0.6243       100
          26     0.6304    0.5800    0.6042       100
          27     0.5054    0.4700    0.4870       100
          28     0.7054    0.7900    0.7453       100
          29     0.7381    0.6200    0.6739       100
          30     0.5648    0.6100    0.5865       100
          31     0.7895    0.6000    0.6818       100
          32     0.7805    0.6400    0.7033       100
          33     0.6667    0.6200    0.6425       100
          34     0.5840    0.7300    0.6489       100
          35     0.4648    0.3300    0.3860       100
          36     0.7308    0.7600    0.7451       100
          37     0.8182    0.6300    0.7119       100
          38     0.4750    0.5700    0.5182       100
          39     0.7544    0.8600    0.8037       100
          40     0.5824    0.5300    0.5550       100
          41     0.8000    0.8400    0.8195       100
          42     0.7000    0.7000    0.7000       100
          43     0.7327    0.7400    0.7363       100
          44     0.2389    0.4300    0.3071       100
          45     0.5849    0.3100    0.4052       100
          46     0.5075    0.3400    0.4072       100
          47     0.5603    0.6500    0.6019       100
          48     0.8800    0.8800    0.8800       100
          49     0.8316    0.7900    0.8103       100
          50     0.2586    0.4500    0.3285       100
          51     0.7705    0.4700    0.5839       100
          52     0.5804    0.6500    0.6132       100
          53     0.7217    0.8300    0.7721       100
          54     0.6612    0.8000    0.7240       100
          55     0.3134    0.2100    0.2515       100
          56     0.8454    0.8200    0.8325       100
          57     0.6970    0.6900    0.6935       100
          58     0.8519    0.6900    0.7624       100
          59     0.6154    0.5600    0.5864       100
          60     0.6870    0.9000    0.7792       100
          61     0.7342    0.5800    0.6480       100
          62     0.6702    0.6300    0.6495       100
          63     0.5455    0.6000    0.5714       100
          64     0.5833    0.2100    0.3088       100
          65     0.2727    0.1800    0.2169       100
          66     0.6040    0.6100    0.6070       100
          67     0.5270    0.3900    0.4483       100
          68     0.8286    0.8700    0.8488       100
          69     0.7238    0.7600    0.7415       100
          70     0.6364    0.5600    0.5957       100
          71     0.6279    0.8100    0.7074       100
          72     0.3429    0.1200    0.1778       100
          73     0.3729    0.4400    0.4037       100
          74     0.3945    0.4300    0.4115       100
          75     0.8313    0.6900    0.7541       100
          76     0.8144    0.7900    0.8020       100
          77     0.3734    0.5900    0.4574       100
          78     0.4500    0.4500    0.4500       100
          79     0.4575    0.7000    0.5534       100
          80     0.4211    0.1600    0.2319       100
          81     0.5957    0.5600    0.5773       100
          82     0.8073    0.8800    0.8421       100
          83     0.4574    0.4300    0.4433       100
          84     0.6500    0.3900    0.4875       100
          85     0.7895    0.7500    0.7692       100
          86     0.6145    0.5100    0.5574       100
          87     0.4863    0.7100    0.5772       100
          88     0.8116    0.5600    0.6627       100
          89     0.6321    0.6700    0.6505       100
          90     0.4600    0.6900    0.5520       100
          91     0.7273    0.6400    0.6809       100
          92     0.3333    0.2000    0.2500       100
          93     0.3370    0.3100    0.3229       100
          94     0.7344    0.9400    0.8246       100
          95     0.4836    0.5900    0.5315       100
          96     0.5889    0.5300    0.5579       100
          97     0.6939    0.3400    0.4564       100
          98     0.3304    0.3800    0.3535       100
          99     0.2912    0.7600    0.4211       100

    accuracy                         0.6168     10000
   macro avg     0.6323    0.6168    0.6139     10000
weighted avg     0.6323    0.6168    0.6139     10000
