              precision    recall  f1-score   support

           0     0.5970    0.8000    0.6838       100
           1     0.9538    0.6200    0.7515       100
           2     0.5743    0.5800    0.5771       100
           3     0.4091    0.2700    0.3253       100
           4     0.5062    0.4100    0.4530       100
           5     0.6481    0.7000    0.6731       100
           6     0.7674    0.6600    0.7097       100
           7     0.6344    0.5900    0.6114       100
           8     0.9383    0.7600    0.8398       100
           9     0.8587    0.7900    0.8229       100
          10     0.5275    0.4800    0.5026       100
          11     0.3173    0.3300    0.3235       100
          12     0.7857    0.6600    0.7174       100
          13     0.5735    0.3900    0.4643       100
          14     0.7429    0.5200    0.6118       100
          15     0.6489    0.6100    0.6289       100
          16     0.7204    0.6700    0.6943       100
          17     0.8681    0.7900    0.8272       100
          18     0.5591    0.5200    0.5389       100
          19     0.6092    0.5300    0.5668       100
          20     0.7838    0.8700    0.8246       100
          21     0.8605    0.7400    0.7957       100
          22     0.7317    0.6000    0.6593       100
          23     0.6288    0.8300    0.7155       100
          24     0.7238    0.7600    0.7415       100
          25     0.5833    0.4900    0.5326       100
          26     0.6023    0.5300    0.5638       100
          27     0.3590    0.2800    0.3146       100
          28     0.7800    0.7800    0.7800       100
          29     0.6753    0.5200    0.5876       100
          30     0.4560    0.5700    0.5067       100
          31     0.7581    0.4700    0.5802       100
          32     0.5051    0.5000    0.5025       100
          33     0.7460    0.4700    0.5767       100
          34     0.5360    0.6700    0.5956       100
          35     0.3678    0.3200    0.3422       100
          36     0.7200    0.7200    0.7200       100
          37     0.7320    0.7100    0.7208       100
          38     0.3839    0.4300    0.4057       100
          39     0.6838    0.8000    0.7373       100
          40     0.6129    0.3800    0.4691       100
          41     0.8202    0.7300    0.7725       100
          42     0.5701    0.6100    0.5894       100
          43     0.7444    0.6700    0.7053       100
          44     0.1429    0.3700    0.2061       100
          45     0.5870    0.2700    0.3699       100
          46     0.3273    0.3600    0.3429       100
          47     0.5213    0.4900    0.5052       100
          48     0.7236    0.8900    0.7982       100
          49     0.8391    0.7300    0.7807       100
          50     0.1020    0.1000    0.1010       100
          51     0.5465    0.4700    0.5054       100
          52     0.4302    0.7400    0.5441       100
          53     0.5496    0.7200    0.6234       100
          54     0.7442    0.6400    0.6882       100
          55     0.0870    0.1400    0.1073       100
          56     0.8488    0.7300    0.7849       100
          57     0.7536    0.5200    0.6154       100
          58     0.7895    0.7500    0.7692       100
          59     0.4571    0.3200    0.3765       100
          60     0.6343    0.8500    0.7265       100
          61     0.5678    0.6700    0.6147       100
          62     0.4792    0.4600    0.4694       100
          63     0.4051    0.3200    0.3575       100
          64     0.3065    0.1900    0.2346       100
          65     0.1525    0.1800    0.1651       100
          66     0.4898    0.2400    0.3221       100
          67     0.5132    0.3900    0.4432       100
          68     0.6985    0.9500    0.8051       100
          69     0.6475    0.7900    0.7117       100
          70     0.4605    0.3500    0.3977       100
          71     0.6281    0.7600    0.6878       100
          72     0.2667    0.2400    0.2526       100
          73     0.3363    0.3800    0.3568       100
          74     0.4167    0.3500    0.3804       100
          75     0.8000    0.6800    0.7351       100
          76     0.8242    0.7500    0.7853       100
          77     0.2973    0.3300    0.3128       100
          78     0.1410    0.1100    0.1236       100
          79     0.3256    0.7000    0.4444       100
          80     0.2625    0.2100    0.2333       100
          81     0.4286    0.6000    0.5000       100
          82     0.7768    0.8700    0.8208       100
          83     0.2319    0.1600    0.1893       100
          84     0.3761    0.4400    0.4055       100
          85     0.7368    0.5600    0.6364       100
          86     0.5517    0.3200    0.4051       100
          87     0.4795    0.7000    0.5691       100
          88     0.6265    0.5200    0.5683       100
          89     0.2778    0.2000    0.2326       100
          90     0.3333    0.3000    0.3158       100
          91     0.4909    0.2700    0.3484       100
          92     0.2841    0.2500    0.2660       100
          93     0.1313    0.1300    0.1307       100
          94     0.4809    0.8800    0.6219       100
          95     0.3145    0.3900    0.3482       100
          96     0.4528    0.4800    0.4660       100
          97     0.3111    0.1400    0.1931       100
          98     0.1774    0.1100    0.1358       100
          99     0.1981    0.6100    0.2990       100

    accuracy                         0.5220     10000
   macro avg     0.5437    0.5220    0.5219     10000
weighted avg     0.5437    0.5220    0.5219     10000
