              precision    recall  f1-score   support

           0     0.9307    0.8590    0.8934      1000
           1     0.9761    0.9380    0.9567      1000
           2     0.8015    0.7630    0.7818      1000
           3     0.7810    0.5990    0.6780      1000
           4     0.8020    0.8790    0.8387      1000
           5     0.7416    0.7460    0.7438      1000
           6     0.7839    0.9470    0.8578      1000
           7     0.9022    0.9130    0.9076      1000
           8     0.9136    0.9730    0.9424      1000
           9     0.9505    0.9600    0.9552      1000

    accuracy                         0.8577     10000
   macro avg     0.8583    0.8577    0.8555     10000
weighted avg     0.8583    0.8577    0.8555     10000
